-----playing-----

1 2 3 
4 0 6 
7 5 8 
*******************
q_values: -0.289378 -0.0302017 -0.0367395 -0.0402387 

1 2 3 
4 6 0 
7 5 8 
*******************
q_values: -0.269112 -0.22638 -0.018768 -0.00753929 

1 2 3 
4 0 6 
7 5 8 
*******************
q_values: -0.289378 -0.0302017 -0.0367395 -0.0402387 

1 2 3 
4 6 0 
7 5 8 
*******************
q_values: -0.269112 -0.22638 -0.018768 -0.00753929 

1 2 3 
4 0 6 
7 5 8 
*******************
q_values: -0.289378 -0.0302017 -0.0367395 -0.0402387 

1 2 3 
4 6 0 
7 5 8 
*******************
q_values: -0.269112 -0.22638 -0.018768 -0.00753929 

1 2 3 
4 0 6 
7 5 8 
*******************
q_values: -0.289378 -0.0302017 -0.0367395 -0.0402387 

1 2 3 
4 6 0 
7 5 8 
*******************
q_values: -0.269112 -0.22638 -0.018768 -0.00753929 

1 2 3 
4 0 6 
7 5 8 
*******************
q_values: -0.289378 -0.0302017 -0.0367395 -0.0402387 

1 2 3 
4 6 0 
7 5 8 
*******************
q_values: -0.269112 -0.22638 -0.018768 -0.00753929 

