1.62929 1.85584 1.83763 1.8755 2.14209 -4.99985 1.33886 1.81003 1.88248 bias: 2.27582
0.403065 0.322393 0.230968 -1.88919 0.450643 0.4005 0.633226 0.652897 0.428839 bias: 0.649245
0.533189 0.510538 -2.81117 0.487616 0.567377 0.0522501 0.480568 0.504653 0.244021 bias: 0.934129
-0.374317 -0.107094 0.0697267 0.0388255 0.105548 0.246236 0.281558 0.206703 0.445607 bias: -2.23863
-0.174736 -0.257147 -0.341006 -0.393386 -0.319536 -0.43629 -0.390953 1.97934 -0.232208 bias: 0.000227204
1.58586 -2.07321 -0.868956 -0.402137 -0.911819 -0.508277 -0.298926 -1.06903 -0.613725 bias: -7.19038
0.0221231 -0.34118 -0.209186 0.116293 -0.331072 -0.0842988 -2.46031 -0.0658667 -0.232439 bias: 0.343329
-1.46836 -1.49264 -1.53599 -1.67875 -1.3724 -1.4687 -3.01265 -1.42577 -1.43819 bias: -3.99505
0.364667 -0.245944 0.438714 0.60632 -0.663725 0.473653 0.592556 0.52465 -0.0230639 bias: 0.140624
-5.58731 0.626997 0.767784 -5.74901 1.50011 0.275378 -0.874997 0.33966 -0.981772 bias: 4.3556
1.48844 2.0898 0.965636 1.07316 1.03928 0.743364 1.02143 0.810148 0.395387 bias: 3.64892
-1.02074 -1.06189 -1.11023 -1.06364 -1.02238 -1.12655 -1.1719 -1.17868 -3.89175 bias: -4.85213
-0.4791 -0.507346 0.104321 -0.703531 -0.688488 -0.154695 -0.562108 -0.556236 -0.361859 bias: -0.292163
-0.60209 -1.02477 -0.564838 -0.818267 -7.30574 -0.713454 -0.825499 -0.536973 -0.659158 bias: 1.58514
0.187845 0.207636 0.198485 0.231114 0.326468 0.265858 0.20684 -1.28804 0.28076 bias: -2.8095
0.687767 0.585683 0.238697 0.465215 0.353838 0.117144 0.258648 0.252441 1.9675 bias: 0.517305
0.677662 0.633929 0.683979 0.51066 0.462317 4.36124 0.896814 0.612262 0.546 bias: -0.986759
-0.0306737 -0.198667 -0.168644 -0.910937 -0.461784 -0.273062 -0.219788 0.134461 -0.268836 bias: -3.67908
0.42332 0.519975 2.3789 0.471692 0.254144 0.550836 0.774142 0.411814 0.384425 bias: -0.186003
0.559982 0.0590722 -0.135223 -0.890543 0.147175 0.0831017 0.20304 -0.134213 -0.0578842 bias: -3.01201
second
0.439503 -1.00813 0.494995 -5.12649 1.43902 -5.37379 -1.2207 4.08954 -0.668867 -0.0840876 0.503086 4.9046 1.02483 -0.263175 2.16394 1.72611 1.28962 1.13039 1.24853 1.14752 bias: -2.60488
0.187162 -0.279895 0.937718 2.59573 0.0319393 0.44301 0.0739002 3.32249 0.143661 -0.0847891 0.160547 -4.22395 2.97906 -0.0843413 1.10054 -0.950725 -0.303591 -0.758631 0.152967 2.04391 bias: -1.92824
0.407467 0.59176 0.386204 2.19383 -1.06834 -1.83785 1.00231 -5.98079 0.18651 -0.0502675 0.720098 -5.49491 -2.98091 0.069303 -4.36868 -0.287698 0.634866 2.18154 1.36162 0.535531 bias: -0.923617
0.679637 0.623827 0.00437946 -3.77994 0.381469 -3.39783 0.253928 -5.15541 0.605329 0.0836711 -0.0827597 2.89087 -3.61712 -0.096631 1.10799 1.47493 1.5522 -3.90319 1.38332 -2.31199 bias: -1.44007
